518.666044
169.025744
275.422222
309.157405
7813.727644
224.234639
155.628267
128.554888
318.772949
125.836937
203.062234
261.363911
388.346301
160.992711
325.865067
127.820356
186.333867
253.530284
197.617736
183.449147
243.058638
332.262708
164.307530
183.295206
201.633788
166.704000
248.380334
257.807467
232.195911
202.687952
107.701329
285.778869
150.566817
118.455857
115.227841
144.435332
413.592825
302.581729
133.348976
156.934082
346.025701
160.720758
297.273541
127.342573
132.153677
146.678667
112.470222
348.523733
501.685067
108.313934
298.896364
1526.888382
189.865357
272.621990
1046.626551
263.192316
362.273234
151.653436
166.948533
339.247200
741.380466
268.422350
201.370817
182.488838
197.560896
391.573177
411.235209
213.506250
493.101317
