1038.500000
985.000000
904.000000
994.000000
959.000000
921.000000
922.000000
883.000000
916.000000
928.000000
916.000000
882.500000
909.000000
931.000000
962.500000
948.500000
966.500000
969.000000
967.000000
928.000000
987.000000
938.000000
1011.000000
1025.000000
1071.000000
1056.000000
1020.000000
1060.500000
918.500000
997.000000
992.000000
967.000000
980.000000
999.000000
1002.000000
964.000000
966.000000
995.000000
958.000000
955.000000
1007.000000
1035.000000
984.000000
959.000000
944.000000
939.000000
989.500000
989.000000
951.500000
917.000000
956.000000
1018.000000
1098.000000
1050.000000
1052.000000
1116.000000
1080.000000
1107.000000
878.500000
794.500000
877.000000
892.000000
849.000000
823.000000
793.000000
872.000000
869.000000
857.000000
836.000000
